1661.676638
1679.787230
1549.417596
1569.331223
1567.478501
1537.723068
1530.964603
1571.268324
1545.458140
1573.882808
1543.879862
1554.789949
1544.883442
1542.867202
1531.908118
1542.908118
1539.849919
1546.853541
1542.736614
1550.847785
1544.119621
1553.788104
1547.570831
1556.806440
1534.412365
1559.837818
1534.837818
1565.943963
1546.248250
1537.702301
1749.540232
1765.265780
1751.960861
1753.341991
1757.879289
1781.512013
1768.332755
1772.802815
1777.761305
1772.285097
1739.939977
1754.296997
1759.884927
1752.174721
1755.956762
1759.273604
1767.745014
1783.133058
1777.020550
1769.464508
1779.748780
1758.024099
1766.542099
1766.062195
1759.709987
1761.830777
1775.498362
1779.802193
1757.548833
1748.872320
1779.749991
1763.963731
1759.448045
1751.944124
1756.889235
1764.832949
1757.165334
1769.220275
1759.627377
1896.676080
1868.826185
1886.664159
1897.379570
1885.623614
1887.604190
1908.384928
1914.532119
1899.606519
1893.340174
1918.857735
1952.115239
1892.702563
1885.157446
1869.875849
1882.793300
1892.802994
1902.241151
1904.908755
1878.993036
1880.831021
1867.141740
1898.123064
1883.953844
1881.454184
1886.518080
1882.382776
1871.726005
1891.799865
1902.871544
1899.157890