1022.304886
941.716360
941.032854
913.418767
901.707349
898.373938
899.894489
893.949605
924.690152
902.212957
880.900448
895.877063
863.317068
900.845394
896.984942
884.727388
917.785096
910.111617
900.953860
885.882359
884.151511
908.686455
899.824457
900.304288
894.771951
938.698237
895.694391
929.504484
922.386330
895.511286
897.270000
889.724628
908.318344
904.712893
886.488144
934.794828
883.112587
922.648572
896.945209
870.235977
1040.407211
1040.738668
1019.396495
1054.870011
1033.024334
1043.757722
1053.238408
1040.495060
1071.603159
1062.583312
1043.225127
1048.124985
1033.133943
1041.085810
1050.713867
1061.307042
1047.455508
1047.500000
1042.111402
1046.685625
1036.199667
1051.292380
1050.801375
1046.621527
1051.974930
1047.474401
1042.827579
1046.648588
1051.937365
1046.359463
1035.394515
1036.495605
1046.406199
1043.877263
1047.818994
1042.598717
1050.743321
1020.011797
1035.398263
1042.867014
1048.731578
1041.001045
1050.568642
1047.142862
1045.511645
1035.144958
1035.378061
1047.772381
1044.784944
1041.133281
1046.464046
1053.601479
1043.447641
1043.502637
1042.152861
1028.708092
1047.818933
1040.110605
1035.103862
1051.114965