1001.749631
947.406371
973.421560
942.109020
937.516951
922.762827
1188.227345
1196.826809
1143.955244
1141.203609
1174.284834
1161.398664
1161.185391
1166.922437
1163.497938
1148.939849
1163.031904
1179.668437
1136.169218
1165.201894
1159.917939
1155.005891
1155.880342
1147.615870
1158.744329
1172.629660
1172.575298
1150.551897
1145.170478
1140.605956
1160.889679
1160.486639
1143.525304
1145.040215
1151.236857
1136.166180
1128.246263
1143.988850
1165.958830
1152.565491
1159.700174
1185.163730
1147.610268
1146.085694
1163.125825
1197.235933
1166.233747
1144.599607
1133.344899
1162.622280
1155.649551
1167.276215
1155.181434
1348.889353
1350.924091
1358.568706
1333.889327
1341.176328
1315.690775
1380.488065
1357.718183
1338.044061
1358.793297
1351.119200
1333.558365
1339.866020
1347.838284
1333.946722
1371.812770
1323.302086
1344.296423
1324.686623
1336.881832
1371.852018
1373.905788
1340.573767
1360.972517
1365.909955
1342.395633
1348.649794
1362.764575
1375.025382
1360.883460
1386.296904
1370.981429
1361.074401
1333.558365
1341.823872
1350.787008
1344.230466
1356.446902
1349.826115
1329.846877
1353.986483
1347.855404
1354.383396
1338.039840
1342.298972
1346.378706
1363.128327