455.144827
258.879310
243.690517
263.785345
254.353447
239.875000
288.496453
239.164655
238.803586
250.189655
241.246452
239.965517
243.346452
238.711069
244.486069
243.473275
274.194827
242.531897
240.830172
238.856897
239.454310
251.967103
238.933621
235.218103
241.046309
247.781897
233.063793
238.060345
238.096452
239.327586
241.463793
238.639655
239.183759
233.371452
238.657758
237.716379
235.652586
249.538931
244.980172
238.241379
244.667103
251.981897
239.875000
239.295724
258.259482
237.354310
239.295724
235.819828
239.820690
239.278586
239.706310
249.886724
239.078948
243.716241
241.635345
239.278586
238.730172
238.712414
238.408621
239.835000
243.988793
237.028448
233.113793
238.096452
239.508620
236.876724
244.003586
238.096452
238.721448
240.305172
238.639655
238.721448
244.193103
236.293103
289.500000
293.418750
285.806250
292.612500
289.050000
288.786250
289.143750
294.974999
289.462499
292.630000
288.768749
289.813750
283.837500
290.818749
289.300000
288.606249
287.575000
291.821429
289.062499
292.463750
289.593749
289.633750
289.317856
289.813750
289.356250
289.881249