2045.135164
1926.307452
1888.183097
1883.871344
1859.105370
1920.587028
1890.224792
1903.101671
1894.259693
1943.128013
1913.667689
1890.990531
1884.246708
1890.437845
1889.198132
1887.149114
1869.960844
1938.652624
1906.193440
1900.428097
1893.207786
1760.155974
1737.677971
1728.393552
1747.644600
1741.995523
1721.452450
1712.663520
1791.333058
1724.859188
1744.841078
1730.463978
1738.456229
1719.613977
1714.532366
1693.932225
1749.011211
1724.387382
1704.553090
1728.395381
1776.407401
1728.444724
1750.538171
1719.208301
1750.952485
1748.472915
1739.135690
1721.879186
1724.947903
1795.322454
1740.060105
1731.840150
1721.041386
1704.193366
1725.617320
1730.373439
2061.278988
2040.925413
2083.459692
2081.694085
2083.700436
2103.476452
2116.199791
2090.883522
2066.429946
2118.830882
2099.971268
2090.619741
2091.551824
2122.019864
2096.176734
2089.429769
2086.132421
2090.027838
2093.998622
2079.131128
2059.888194
2075.237674
2060.835641
2060.511328
2068.015754
2107.813717
2117.666175
2092.505641
2072.675660
2115.274368
2097.194422
2072.999452
2094.235503
2084.542392
2102.163063
1970.596977
1963.409900
1954.967417
1926.904000
1954.665254
1938.718250
1972.998293
1972.491159
1954.314286