3675.860122
3399.058731
3389.605605
3373.136290
2949.042905
2925.656405
2877.880727
2872.063437
2903.741271
2869.675703
2912.857736
2909.218910
2931.692267
2876.367934
2887.537560
2874.283441
2864.693472
2894.672767
2895.643229
2879.282290
2923.946016
2905.444571
2826.749110
2953.845090
2948.929663
2576.739810
2637.821774
2610.597802
2568.369276
2616.259667
2617.235230
2568.451084
2574.816899
2613.350157
2606.641642
2614.808956
2602.606866
2614.579020
2588.101854
2610.495833
2594.534660
2653.609559
2580.408107
2623.407125
2607.315059
2613.352481
2588.887717
2598.597434
2649.969707
2628.874124
2611.123319
2607.000677
2617.019328
2587.270198
2614.632715
2542.748477
2595.738679
2641.431688
2614.916501
2610.772577
2630.248716
2614.708360
2587.960340
2631.176697
2608.352872
2584.685130
2652.285118
2620.268478
2599.978481
2596.202478
2587.987206
3138.217732
3036.232127
3139.821829
3079.983726
3038.713684
3036.458470
3031.848459
3081.057373
3080.983091
3038.538214
3050.250303
3050.559212
3064.797736
3066.353348
3123.721246
3053.201344
3076.204474
3039.548058
3083.631289
3050.903482
3045.431029
3041.503781
3050.935404
3055.060215
2973.062992
2930.209200
2963.936258
2933.737128
2941.429543