3081.929346
2864.803192
2809.550310
2757.749750
2750.170586
2857.446012
2749.857976
2799.447045
2791.080496
2785.498159
2794.257951
2780.211510
2666.785359
2665.614148
2667.823398
2688.740736
2666.015710
2712.697303
2675.881913
2667.283956
2678.926841
2665.456178
2649.444818
2664.062536
2671.802848
2675.915956
2684.552445
2648.344949
2652.657411
2684.959012
2666.871982
2689.169482
2676.790344
2656.634823
2663.507374
2642.901172
2661.303130
2683.944674
2677.432338
2730.825109
2778.936485
2738.646135
2770.237802
2752.363741
2738.206730
2732.387878
2730.195416
2712.732072
2749.992100
2773.865716
2720.901592
2814.675224
2707.102465
2822.570778
2720.974676
2784.667086
2734.818858
2730.515790
2707.612672
2755.868090
2738.238553
2708.351901
2718.516271
2826.330348
2935.993594
2917.457212
2910.692619
2944.932102
2950.993070
2953.902422
2927.681263
2901.597647
2957.997444
3035.010993
2918.309392
2912.326971
2953.886137
2919.349721
2925.450640
2958.930545
2958.251457
2920.604671
2904.302256
5815.320454
2926.320043
2961.366775
2957.329256
2953.163334
2610.725601
2640.020880
2628.083225
2628.314733
2622.542130
2626.269514
2624.365005
2614.423912
2664.132581
2617.107833
2663.491078
2639.854620