671.962067
643.680556
639.920754
593.452219
595.081325
618.404550
593.519417
591.843493
591.850828
597.261640
592.032161
614.795165
609.013187
590.228846
587.106004
593.458679
587.846788
590.835503
590.169160
590.659449
588.933893
598.027473
591.477637
583.207759
588.267361
592.893388
586.190228
587.824925
587.234004
618.406006
585.491243
589.468020
587.922633
588.592588
585.965124
585.491243
584.472846
588.632084
587.584472
582.315839
604.161039
589.024114
601.534293
584.343012
587.590194
594.207248
588.787243
593.829339
588.970494
590.989754
589.150579
584.659440
610.589541
589.150579
586.367816
584.051265
592.725000
590.642116
601.491209
589.964963
586.601648
587.605352
583.696969
596.156422
587.974227
592.142858
612.670854
589.290756
625.943708
595.990437
591.450284
585.877624
589.041144
591.850575
590.605593
591.083219
589.522853
583.339175
589.971376
594.745017
586.464625
623.578016
623.990340
623.611301
627.822451
629.048502
623.822451
621.820075
624.632653
663.741067
629.939428
633.102499
623.030612
620.813584
624.164830
618.688995
617.441071
625.492314
623.833452
624.394408