2327.348372
2200.447514
2148.712091
2136.392652
2136.870079
2120.403206
2185.206616
2256.442036
2228.792502
2195.512789
2193.916178
2203.635225
2202.522554
2221.405705
2203.067292
2194.215540
2193.071942
2228.944137
2203.203085
2196.748972
2210.778182
2213.168627
2202.268943
2187.464499
2249.448044
2196.762174
2184.383378
2184.511943
2216.306747
2224.556199
2216.273803
2187.666525
2193.553717
2207.285998
2056.173274
2046.080899
2052.546020
2058.498892
2056.273409
2050.407496
2046.840597
2062.485775
2033.162671
2040.389019
2044.823230
2074.685947
2052.935866
2080.525201
2065.349874
2043.003019
2058.315475
2081.397258
2035.195098
2018.550608
2040.376561
2027.090280
2065.278062
2064.413204
2021.174592
2042.547978
2060.300074
2013.835523
2043.923825
2344.074382
2310.456078
2391.966081
2320.827943
2330.844988
2325.183113
2349.932918
2340.674399
2330.872134
2344.847150
2364.352504
2303.256174
2317.295313
2326.478832
2335.798633
2320.162500
2325.749383
2369.492449
2338.734000
2336.831156
2315.748278
2349.382235
2323.946123
2316.477646
2320.874351
2342.604644
2338.878614
2326.160732
2636.978679
2636.266869
2606.678268
2613.209789
2649.018364
2592.071913
2599.037219
2610.380137
2604.337018