3008.721329
2880.271391
2870.141049
2842.419164
2863.457774
2878.508283
2893.145494
2843.654236
3103.064354
3141.370292
3115.931255
3157.662855
3140.430672
3148.748234
3137.431326
3131.617937
3154.065961
3117.280594
3111.035621
3147.393248
3176.369197
3080.128515
3120.982674
3156.535571
3112.691365
3122.182542
3136.092697
3208.091598
3171.988314
3287.634862
3258.973791
3282.180460
3386.409113
3266.453169
3303.130605
3295.026388
3264.059662
3276.952010
3293.759268
3234.028465
3347.498950
3261.499999
3275.464063
3248.081542
3249.988320
3302.685256
3266.008403
3279.976256
2934.048368
2926.232260
2934.420925
2911.652487
2893.665256
2903.949746
2922.184242
2926.093301
2886.817127
2916.580652
2920.253242
2893.898333
2966.777745
2956.255174
2946.060932
2903.408174
2917.123278
2966.867881
2917.124132
3479.727090
3507.254238
3512.518893
3479.570202
3493.221248
3501.876226
3505.160025
3492.284650
3479.706487
3469.506716
3485.944720
3481.317469
3540.379250
3469.995207
3511.319612
3540.556116
3620.396580
3484.487409
3529.466558
3566.319261
3789.054479
3836.121126
3872.338983
3804.833161
3839.736115
3883.770598
3811.384948
3787.684297
3781.099794
3836.235129
3850.355544
3865.618272
3806.208160