419.470103
398.428613
372.824077
380.038855
422.995705
401.563930
389.184949
378.818219
378.221134
373.970359
373.010327
374.786751
377.976273
374.804678
379.630649
383.339074
380.603669
378.098447
377.719119
377.645791
378.802679
374.402690
379.667792
375.590322
374.210582
375.419383
375.527213
378.098447
372.540978
377.776326
375.206729
375.206729
377.899515
376.028013
375.464679
390.296230
376.304680
378.542196
376.241951
376.600875
376.024314
373.889872
376.840248
376.414775
386.521790
382.692305
383.707218
379.450131
375.470943
395.800365
419.407770
383.845679
402.441247
388.991708
373.308129
382.802434
422.190602
384.871694
379.460654
419.913829
391.521397
398.481139
374.024194
372.171641
380.066557
376.000760
374.711964
375.159100
373.508334
375.963637
378.575693
383.400115
376.231972
377.674999
374.796352
373.325022
491.700041
480.642254
498.071084
493.765132
489.249737
489.873346
485.628433
489.122652
490.524458
498.681947
496.662300
488.986705
487.238873
492.942763
496.069826
489.249737
514.139378
489.182392
490.792251
489.378288
488.785841
493.299269
493.394841
488.774209