1822.116406
1789.857737
1739.413643
1699.752403
1751.526553
1727.953184
1714.335389
1704.380889
1715.523465
1708.656635
1694.273689
1691.055531
1707.361023
1754.642750
1787.769741
1698.287327
1710.591932
1713.281079
1694.539159
1700.715402
1707.843253
1722.058406
1722.743145
1734.724066
1726.824265
1709.993920
1818.890547
1728.957196
1789.155553
1767.623531
1753.579224
1768.449086
1818.317879
1757.781277
1763.294230
1799.383841
1764.646371
1792.350632
1770.378053
1766.251723
1742.228051
1742.397932
1766.913329
1845.468590
1741.705424
1781.855430
1741.727893
1750.259108
1773.407439
1788.774051
1784.365103
1755.961590
1796.227674
1788.573457
1789.960107
1788.518855
1749.541590
1756.673750
1765.981358
1767.633399
1768.335275
1795.405859
1741.570714
1759.420601
1590.974881
1620.386929
1565.537358
1586.604265
1584.173099
1609.927778
1565.117349
1599.276109
1593.882674
1591.707587
1573.698514
1562.388454
1588.220402
1592.520355
1604.556442
1574.484926
1602.828193
1626.282142
1581.644881
1576.789713
1608.477198
1562.662698
1615.924201
1592.812324
1606.725825
1612.849247
1595.366111
1604.709331
1549.105798
1600.956994
1611.843207
1568.357437
1584.187022
1577.847620
1580.860232
1593.824670