1932.646864
1736.160438
1708.771243
1443.971062
1461.514677
1443.558690
1411.189540
1438.332301
1430.731700
1444.119264
1419.418195
1421.431262
1441.179202
1435.938218
1422.207152
1410.136961
1443.986430
1426.780058
1450.501756
1442.630656
1458.019032
1459.858734
1445.586536
1444.015263
1426.429097
1428.625670
1429.863297
1414.581373
1448.276092
1447.269628
1426.351770
1433.404314
1430.378623
1420.900544
1432.155121
1409.481596
1549.098269
1556.272795
1534.460707
1571.756044
1602.875265
1566.431444
1558.009857
1548.293401
1571.772276
1549.682989
1558.456957
1572.403410
1540.151068
1632.502348
1552.432533
1589.140107
1556.296522
1553.162113
1550.023179
1556.768905
1558.797670
1551.819824
1578.675388
1552.126900
1563.110456
1579.672647
1565.110072
1540.371001
1627.719363
1552.797954
1582.837526
1556.012323
1559.405000
1593.439313
1526.481843
1505.053755
1618.262117
1614.224607
1605.890539
1601.809836
1624.701317
1637.530287
1605.153789
1579.614034
1592.681207
1615.704284
1619.665875
1605.219894
1635.198117
1612.631437
1612.739547
1619.332894
1616.231305
1630.466611
1600.177134
1600.984256
1632.545048
1596.014485
1614.635033
1619.875783
1609.445929
1599.725005
1606.616144
1637.814299