305.582540
264.180951
254.903646
248.343164
253.797235
246.871196
253.639501
244.625974
523.704532
276.365404
253.772669
247.466871
248.890871
248.490208
242.192020
247.547425
247.315056
243.758244
253.457950
245.677668
249.912870
250.925810
245.607611
246.275507
244.111892
252.198503
247.946871
246.393301
247.937107
246.298096
249.798183
258.864803
273.362635
248.962869
250.418491
247.827793
246.359365
245.634127
238.827510
251.503149
249.802570
247.912870
245.677668
239.865067
245.979872
246.088571
245.677668
246.999214
249.802570
256.862708
246.237988
247.991499
246.432092
245.979872
250.469899
246.446777
248.830760
248.446777
247.486222
254.181677
248.943778
245.314442
248.254433
248.365537
249.784697
251.437778
248.330224
242.758224
249.802570
245.845510
247.191035
246.648711
247.164700
251.139011
251.650532
247.486222
248.018763
260.786719
245.731714
247.959906
251.342324
259.223493
253.853655
247.959906
248.120648
247.287801
247.820836
248.208777
245.900953
244.220362
248.716308
248.685017
248.120648
247.959906
247.445189
249.997802
247.287801
247.646343
247.514475
245.867509