1673.821053
1274.636491
1285.166491
1280.818947
1276.169053
1323.650406
1289.209982
1332.453953
1289.877358
1331.314354
1239.875389
1330.885243
1292.175908
1295.314035
1274.462860
1310.687908
1277.732632
1251.822474
1300.140632
1146.526154
1150.101846
1120.579846
1126.322769
1175.475231
1153.314615
1149.150000
1122.460000
1159.613846
1161.379846
1126.855846
1109.826615
1161.569231
1122.795538
1118.318462
1130.964615
1132.919077
1118.965692
1131.964615
1139.118462
1127.628615
1125.707692
1127.979538
1126.226769
1127.538769
1151.061538
1127.784615
1127.043538
1133.166154
1130.165538
1125.777846
1153.153846
1142.780000
1145.745846
1129.255385
1130.436615
1136.355538
1139.159692
1135.000615
1115.011538
1154.410615
1147.338462
1131.905538
1148.282615
1110.874615
1160.249538
1147.007692
1135.697692
1129.327538
1135.379538
1152.829692
1331.801146
1335.962387
1339.084404
1302.932066
1313.388898
1306.865530
1312.221651
1317.650888
1363.231145
1304.637796
1310.961241
1325.266076
1330.604111
1342.703351
1326.519600
1328.244423
1310.892876
1328.244423
1329.732511
1329.524131
1316.729321
1325.221088
1337.943541
1306.466853
1298.823953
1317.730558
1314.371357
1319.959444
1342.149000
1308.020358