3399.997018
3228.944444
3178.972281
3241.677405
3214.382539
3117.620499
3142.045515
3138.845561
3159.398630
3162.854978
3122.389982
3275.297946
3183.554779
3097.266135
3163.724731
3091.518524
3045.491866
3181.545162
3123.283363
3131.477682
3120.001625
3123.792940
3066.992645
3086.365450
3117.723643
3131.987214
3105.103484
3082.833847
3179.342295
3132.057312
3256.981292
3093.226441
3093.794640
3192.385797
3127.021616
3160.499150
3044.376420
3041.312673
3027.349225
3019.285515
3022.760343
3015.601378
3021.767350
3026.995212
2990.576034
3040.874614
3028.906600
2992.386034
3039.441507
3040.385415
3005.871433
3005.971914
2991.089898
3039.884537
2970.218371
3034.883405
3338.190637
3349.815244
3331.528798
3379.509558
3350.269956
3355.790560
3327.167073
3317.780697
3322.446739
3385.901738
3351.862218
3377.322239
3322.329928
3324.694035
3372.760781
3352.103029
3326.572671
3389.776215
3297.667027
3406.648398
3380.027734
3287.978264
3234.500394
3299.755342
3198.314235
3299.132561
3231.319226
3284.953319
3257.492105
3310.023228
3262.688861
3239.161669
3272.009680
3273.938281
3280.500874
3284.985545
3307.324246
3269.624005
3239.788712
3253.384437
3222.846553
3232.226999
3335.367284
3399.548811