1922.769677
2158.073293
2126.163006
2134.458976
2124.015897
2114.829126
2124.998116
2103.344448
2141.495751
2113.673697
2117.661132
2117.741626
2142.274641
2103.597743
2124.298872
2122.509738
2124.890801
2165.717071
2131.376656
2119.074200
2134.855139
2111.698174
2058.219027
2122.422143
2130.833679
2117.230145
2136.525967
2105.027786
2202.424482
2269.388282
2328.533130
2280.161590
2329.816445
2279.746671
2318.194101
2307.081396
2326.959394
2288.105480
2268.722011
2300.221290
2354.478872
2346.603693
2264.099671
2317.660583
2324.510982
2339.289532
2301.515656
2316.689248
2331.082924
2318.495332
2315.698670
2338.612825
2296.650271
2311.472674
2325.913592
2313.472409
2321.177062
2374.159913
2367.186373
2340.459858
2394.088050
2421.150066
2402.979982
2330.932460
2376.015588
2360.580827
2389.354227
2387.621064
2329.155474
2344.834794
2331.373304
2363.920083
2388.201557
2345.249179
2355.961505
2326.187649
2417.259808
2375.426660
2374.103317
2342.429859
2332.054506
2417.950800
2388.106821
2386.612899
2342.812724
2367.424950
2381.287883
2355.454772
2468.089009
2429.359804
2454.540104
2438.743442
2429.091255
2423.680332
2441.468299
2402.366281
2413.575740
2466.894987
2482.273629
2406.655034