1030.009143
936.767619
959.525143
973.451333
941.855048
916.573333
905.723048
889.924952
960.826667
904.173048
937.580571
903.568000
897.320381
899.743048
901.734857
903.553714
874.356381
898.568381
874.867048
881.804381
868.221048
952.100000
900.886857
952.331048
901.462762
893.656381
902.729048
891.910000
879.177524
893.558286
901.810095
892.616381
899.388762
906.012381
916.755048
901.997143
939.671048
937.377143
987.865905
955.484381
911.973524
899.313143
909.180381
919.513143
905.798095
897.403048
897.545905
897.732571
899.740762
891.303048
906.996762
899.740762
917.828381
897.591048
1129.620267
1124.367240
1162.004705
1237.230432
1143.418762
1130.520240
1112.703301
1109.529960
1129.880939
1130.886762
1177.880960
1144.438974
1119.718062
1130.931365
1154.464902
1131.062615
1128.478713
1168.726656
1130.999836
1123.528820
1132.889039
1121.014838
1127.791103
1200.282589
1158.674987
1136.500654
1108.421923
1139.408749
1124.270992
1127.424674
1115.675143
1144.318045
1138.174430
1110.440120
1124.920202
1169.520134
1137.736750
1124.515512
1122.297428
1125.996698
1114.408428
1123.673519
1130.733364
1116.311321
1164.311321
1137.835442