3328.961404
3197.946233
3158.131275
3138.111511
3132.543579
3149.079741
3130.222091
3170.396841
3109.278889
3039.989290
3067.812567
3030.990002
3039.036573
3126.056021
3088.127647
3050.978063
2997.805519
3009.764090
3107.452477
3086.119754
3094.951486
3080.100628
3074.541183
3086.096401
3043.188463
2980.615973
3029.315786
3009.392855
3053.972500
3088.476980
3034.639618
3040.898936
2857.767337
2965.210695
2872.119628
2892.864147
2850.174282
2872.473308
2897.527500
2846.017667
2925.912003
2892.060230
2869.633291
2879.339216
2861.527619
2909.262195
2908.451568
2855.354583
2883.840429
2887.440819
2886.840433
2886.982583
2851.379599
2880.872566
2885.071573
2512.543894
2489.783216
2507.738703
2480.019628
2481.786126
2536.484255
2509.795455
2486.963180
2485.704011
2492.137730
2488.525468
2497.101648
2512.862083
2450.828661
2487.175157
2465.474857
2549.536678
2521.652390
2470.005919
2489.678393
2524.787105
2485.409894
2717.687297
2798.875000
2710.419331
2758.178006
2717.267603
2745.706823
2707.497678
2729.855648
2730.940687
2754.821429
2740.997234
2744.941329
2706.158055
2722.794938
2664.758171
2745.108473
2715.491165
2674.829199
2716.400770
2746.624398
2719.789924
2744.423440
2747.660907