2731.079143
2678.465178
2579.730901
2599.461091
2594.062610
2572.431450
2576.319116
2587.433824
2601.454613
2578.532072
2539.014659
2557.730065
2592.129249
2588.441255
2560.702195
2603.211208
2595.869599
2588.181739
2622.895198
2541.613288
2500.285638
2546.198373
2560.791400
2490.181438
2487.192222
2456.897819
2514.452876
2504.570952
2530.350531
2504.159615
2518.350489
2490.623561
2494.729669
2534.341774
2517.438160
2457.543664
2504.570714
2512.875012
2495.032259
2593.972230
2527.684802
2459.124031
2473.206873
2447.125012
2422.220781
2461.078799
2456.290195
2455.056897
2433.800306
2470.470193
2451.947429
2438.123933
2439.451850
2415.862014
2461.333910
2452.181614
2459.470776
2482.148904
2451.348725
2407.424455
2522.802315
2453.240053
2461.868074
2438.222556
2455.347864
2366.715305
2338.388378
2321.588337
2359.944913
2378.631789
2398.429334
2355.957789
2335.156748
2366.860491
2346.207999
2342.581411
2335.993133
2328.215371
2378.902625
2335.713101
2353.745675
2375.289651
2360.716079
2340.591151
2399.543628
2362.708080
2308.334633
2378.442319
2357.459752
2291.258629
2245.625000
2258.201429
2280.330500
2269.534786
2277.398178
2259.453543
2249.440893
2304.393768
2275.319196
2267.307857