1674.817394
1659.938074
1633.344080
1589.117088
1646.173381
1641.401194
1631.991950
1589.652775
1603.699787
1609.370729
1613.882643
1610.774498
1621.183742
1640.525310
1641.565843
1560.163115
1653.706278
1594.424245
1642.239708
1600.878507
1643.477086
1621.077446
1599.344040
1726.246136
1653.788272
1621.395990
1654.687048
1650.588760
1662.214042
1719.041880
1724.815933
1759.431017
1704.462328
1718.610044
1721.912898
1710.585878
1728.845118
1728.246963
1749.964369
1687.745930
1705.136198
1784.372946
1716.684938
1739.995968
1839.730833
1724.349090
1732.364826
1870.874827
1896.468349
1746.609710
1714.408847
1874.573476
1860.585845
1820.599593
1719.176949
1741.248989
1814.840470
1878.959295
1788.020021
1874.672032
1782.841563
1794.593259
1715.423198
1758.992249
1862.675461
1831.281456
1825.798342
1770.028637
1737.560011
1517.940045
1568.307633
1578.415990
1599.660526
1587.007218
1584.331337
1581.577389
1465.244937
1529.673792
1516.261587
1479.327226
1494.100637
1509.413840
1464.049763
1482.672542
1518.165415
1504.433615
1499.884733
1528.089334
1497.156409
1528.402452
1520.988360
1509.953178
1516.696098
1503.493830
1501.083136
1486.218616
1496.116586
1480.598326
1483.074286
1507.350693