678.271950
627.324142
616.622057
629.833071
604.999485
598.958637
789.222897
795.888411
803.216927
788.552656
793.947342
778.781025
808.655225
907.542960
811.458979
805.747462
793.501579
787.636135
816.345270
805.931041
779.790028
783.834167
782.749117
780.744326
783.939676
782.137353
776.826852
781.033977
842.889937
821.736127
779.820750
849.576316
779.486773
776.964036
782.346862
781.957333
768.484864
796.734978
795.601224
830.232671
767.392025
805.897371
779.877161
764.277347
769.527399
772.394170
777.330123
769.643255
752.628013
763.938651
809.195099
823.926830
786.329425
793.937157
781.857809
787.405072
785.601550
822.235586
786.173909
780.641494
800.536945
769.598307
776.967833
820.631660
895.779366
775.607316
779.833359
782.518983
781.505160
776.847439
779.278647
641.832040
642.684886
625.621586
626.245698
653.741256
623.409572
630.597523
635.549936
631.083686
629.576968
635.084688
636.620817
631.621631
633.449429
630.213408
633.969512
635.708600
660.881263
632.535954
636.547997
625.986248
633.270762
630.751417
627.469196
630.247987
627.134507
628.264381
627.818113
631.086410