1439.416809
1366.552273
1339.455314
1307.197414
1319.630954
1336.888270
1337.757619
1321.596734
1321.590343
1349.748139
1326.266264
1349.570179
1342.074944
1324.912131
1346.946833
1311.311563
1373.828265
1338.888167
1340.517202
1377.354008
1349.430502
1389.090677
1389.749216
1362.136802
1311.464791
1343.595820
1358.439340
1306.097038
2277.153976
2266.964731
2258.826194
2278.184242
2292.447597
2248.193050
2299.406164
2240.603020
2295.040237
2298.741791
2432.148491
2437.254719
2346.478454
2330.689111
2306.954352
2270.649827
2430.413708
2322.462694
2324.578295
2336.020232
2339.958241
2308.397062
2325.704414
2286.167139
2294.219293
2295.803105
2319.344548
2316.121977
2386.424271
2296.451595
2394.206121
1978.810260
1924.839284
1886.321745
1848.108879
1841.057698
1844.028180
1869.492595
1823.198605
1802.355259
1846.899109
1869.700220
1905.822248
1855.116864
1839.855822
1855.872098
1835.112947
1824.588804
1823.630283
1852.330938
1846.517771
1839.194027
1848.384284
1827.826324
1856.262377
1851.245380
1842.978729
1841.339905
1820.317938
1830.093102
1840.690993
1851.356756
1842.816175
1826.241640
1815.106283
1827.982466
1822.176758
1824.648051
1875.527894
1823.823952
1848.471344
1862.808548