336.320548
214.036301
210.992945
245.721918
214.791507
222.459726
216.909041
212.930137
215.779178
212.981644
211.948767
217.490411
212.998630
214.083562
213.098493
212.416438
215.167671
220.165479
215.546849
213.237534
213.859178
221.401644
214.139726
214.083562
213.200000
214.128219
213.315068
221.842466
215.440548
213.790411
210.848219
213.834247
214.425342
221.314795
217.347123
224.470548
214.785479
215.315068
214.036301
211.191781
215.796164
213.183836
212.999863
215.454247
215.468356
209.710411
211.927123
215.852055
213.288219
215.910411
212.323836
214.469863
214.058904
213.523014
214.628219
215.315068
213.785753
218.294795
211.464110
213.847945
213.915068
211.012329
217.327123
213.036301
217.275342
213.153425
213.868493
211.296438
213.399315
210.523836
213.900000
213.315068
216.579452
213.858356
213.898356
212.035616
213.143836
213.785753
213.130822
215.540411
214.100274
214.791507
214.036301
213.915068
218.384932
218.253151
218.240411
217.539041
212.160959
216.014932
213.289041
214.083562
212.013699
222.211781
213.782192
218.444932
218.862192
234.119178
221.624932
215.276712