2339.267669
2185.052256
2137.746735
2166.237079
2139.367233
2233.897715
2153.343464
2154.695452
2188.106125
2154.713989
2148.243230
1773.196118
1758.078502
1773.020414
1843.162112
1813.198456
1849.589150
1936.740266
1802.224305
1780.493920
1795.704747
1774.156358
1844.116930
1797.462989
1891.454359
1759.431136
1834.811421
1846.260281
1829.664715
1897.729458
1852.062706
1790.140260
1883.717588
1854.678453
2231.726814
2268.384615
2272.651083
2259.670673
2366.048231
2333.257313
2319.800433
2259.006806
2332.257838
2289.719809
2327.069231
2273.501809
2181.875510
2180.982407
2249.013890
2222.049848
2174.188993
2214.171594
2220.656848
2201.317291
2215.431250
2222.676902
2196.101981
2179.680240
2164.752308
2227.346756
2554.025173
2558.927647
2577.688777
2490.271201
2587.804525
2544.730487
2570.313828
2574.314303
2535.401379
2501.894043
2537.510315
2546.706207
2520.118802
2570.503346
2526.914147
2540.881285
2540.899157
2526.615355
2554.935748
2537.798548
2588.413642
2541.006256
2570.236903
2516.001935
2553.196238
2100.985538
2055.124712
2069.923076
2048.347692
2041.450962
2077.173088
2026.718829
2071.164654
2064.220808
2077.831540
2033.882570
2075.574769
2070.158462
2047.829615
2067.603596