2999.086432
2776.165235
2819.086074
2869.559084
2761.052120
2824.967544
2807.934605
2797.187697
2786.971957
2801.933124
2797.430064
2791.888105
2776.789380
2822.332392
2801.792646
2791.256974
2776.351538
2773.988299
2326.421848
2300.707994
2294.973218
2298.885545
2262.153981
2303.292094
2277.669169
2279.733532
2243.582195
2243.505989
2291.883364
2292.699012
2319.055663
2283.685702
2295.605209
2290.489147
2309.733488
2251.055889
2267.017599
2282.571266
2301.616876
2290.428545
2339.871399
2724.278467
2724.743526
2645.204830
2667.890586
2775.487822
2630.705601
2734.276043
2711.399350
2690.366322
2700.740956
2727.776176
2730.522500
2719.083484
2716.378661
2718.831494
2656.126777
2734.510635
2693.156678
2682.413480
2676.051206
2674.090419
2439.508210
2441.602307
2462.428315
2477.658458
2446.597283
2372.902857
2460.340111
2436.763145
2466.462703
2446.710095
2443.846382
2434.377866
2455.230163
2463.945662
2444.648093
2461.152854
2456.722963
2438.145692
2430.153262
2479.530944
2460.819139
2427.142563
2442.871952
2428.554646
2394.944199
2433.822824
2397.821437
2442.034179
2380.126965
2435.344971
2410.390030
2404.038601
2387.103228
2404.872281
2404.437165
2362.375732
2419.920255
2438.671193