3221.299091
2976.570853
2996.735203
3043.453105
2978.841008
2987.847749
2997.788881
3317.070966
3293.302698
3260.527573
3269.630616
3331.913968
3339.732695
3459.190090
3395.947104
3311.758036
3302.950171
3255.159897
3277.360775
3314.640865
3290.313319
3314.137676
3496.329244
3407.230450
3423.537585
3382.174373
3131.067042
3217.544455
3215.394425
3189.753029
3175.479633
3166.614468
3219.766465
3209.479602
3215.252104
3285.853038
3208.690122
3110.603401
3185.591847
3113.055618
3050.597520
3191.811351
3100.165799
3056.693951
3086.285659
2807.323613
2759.200409
2762.460801
2776.498399
2805.416935
2775.155349
2789.311225
2796.880874
2774.436525
2804.867253
2763.544081
2788.104259
2790.014018
2698.740303
2847.594454
2787.913230
2763.114333
2775.149779
2769.142698
2808.239637
2786.303344
2806.916222
2796.427855
2788.882819
2751.011691
2846.313710
2806.983791
2802.534965
2816.824618
2794.189125
2772.530088
2803.826329
2757.328833
2815.028979
2794.832663
2791.382485
2774.689810
2817.425329
2808.490649
2823.562486
3007.169854
3007.897855
3003.124197
3008.175453
3076.204577
3025.902208
2980.127063
2999.474978
2965.276394
3006.978017
2965.573587
3036.337521
3072.195193
3019.609321
2956.461380