2571.936323
2391.377009
2373.383259
2351.893737
2335.643798
2382.530679
2317.940854
2387.811199
2318.818987
2338.623731
2197.740715
2389.924771
2359.091706
2353.753080
2325.505988
1648.913986
1645.751617
1703.617826
1719.523905
1738.806274
1768.375680
1661.271889
1635.667300
1615.820162
1666.448499
1652.883559
1672.794512
1636.666389
1703.367697
1629.680798
1612.867241
1693.433758
1729.543486
1670.860007
1737.620433
1701.376347
1869.603849
1729.989396
1660.898294
1694.436414
1797.522401
1657.331202
1674.114402
1753.289800
1761.315449
1701.992850
1753.121205
1771.888902
1702.100956
1723.943000
1768.091678
1759.690895
1780.193458
1792.833776
1746.687580
1666.303932
1695.763235
1690.331040
1679.180470
1678.727342
1695.545190
1675.911055
1660.026747
1688.339065
1657.700667
1679.460745
1668.079781
1683.419795
1644.817294
1708.015364
1663.190720
1697.413943
1690.823355
1677.680615
2328.983084
2363.285425
2370.607800
2361.292433
2384.672737
2390.243159
2392.835803
2368.259329
2367.858448
2369.666135
2379.135725
2409.036799
2355.965002
2332.692677
2378.101076
2388.642707
2369.232309
2375.673132
2393.992233
2361.419225
2383.771299
2370.296894
2408.108484
2381.300633
2366.629866