1562.906737
1546.547879
1469.981529
1476.519320
1465.457305
1500.271776
1486.184336
1484.588104
1439.345448
1448.678222
1442.269531
1493.894690
1459.018114
1466.668372
1469.494046
1466.315431
1451.914986
1454.506135
1470.956018
1457.560408
1462.587720
1451.729222
1445.641684
1497.663102
1458.699310
1462.164463
1446.998009
1458.707650
1514.826349
1497.404919
1458.031139
1548.248038
1497.696222
1476.801478
1484.627795
1528.840747
848.843676
862.342890
856.289939
877.295109
879.431345
862.250689
862.982104
858.181750
852.617730
853.329774
858.236103
847.489740
863.217746
861.587751
861.080023
870.930346
839.902923
838.197195
891.316462
875.759822
875.805513
885.303082
897.820573
905.190766
918.140671
905.378829
865.829465
894.100762
870.897951
886.386218
854.119071
879.011541
914.126659
868.784869
853.616258
872.114611
903.529004
868.961740
902.514076
946.436259
891.635267
885.508698
869.789062
890.582992
865.144032
855.139108
861.302662
875.592387
877.546845
1219.594304
1216.398660
1200.642349
1255.567875
1216.853098
1188.065881
1200.355141
1203.875442
1197.311431
1182.722224
1176.793042
1203.581369
1157.740220
1165.856594
1165.759875