796.659756
686.983927
656.608537
726.267072
666.972961
652.348781
663.873221
671.146342
666.819512
647.679268
648.244652
648.942683
643.897561
648.601224
647.594903
652.784146
649.787804
648.840147
657.470732
733.421328
724.044756
721.466463
742.526324
719.419176
721.445534
724.395805
722.567428
747.497203
719.153147
725.437064
760.979720
719.946703
722.934667
721.850302
724.442692
763.157692
725.174176
723.806466
751.276328
723.720184
718.641769
768.025374
725.899505
755.566783
724.382406
727.340608
730.440475
724.404549
723.006559
729.219930
724.013447
717.115592
719.126231
719.202014
803.470290
727.666084
768.864336
742.961187
735.860949
727.369081
726.356887
724.966758
724.806021
729.198308
736.121025
718.454195
721.083867
718.333920
724.579371
729.352095
726.577573
726.893511
751.379721
721.366433
721.690980
726.095005
719.083706
713.113757
719.965385
721.690980
722.601267
722.717971
724.631367
726.964012
716.279772
725.934964
723.245155
724.633839
717.535081
724.478409
724.372328
734.898273
726.465258
724.878113
721.423970
724.687016
723.585966
724.261063
721.124370