3391.458602
3342.736244
3297.456399
3249.970193
3304.118187
3260.220273
3143.535685
3140.349693
3139.086268
3137.908647
3106.194958
3120.436026
3153.901743
3273.017035
3311.235014
3199.399206
3236.367647
3183.280864
3203.073529
3135.012048
3129.848193
3094.851118
3207.419162
3168.361853
3166.634223
3173.459151
2953.791756
3017.897590
3081.466997
3020.904651
3026.751799
2980.183251
3050.899371
3028.956769
3006.628862
3017.377590
3004.367267
3001.416509
2979.402332
3002.242408
3086.465819
3000.027764
2924.197959
2983.342336
2915.090876
2901.912301
2896.785994
2930.782295
3153.271942
3032.825675
3064.948218
3017.145670
3094.845640
3031.032178
3091.190639
3075.762000
3070.429075
2995.399313
3072.445721
3049.116187
3099.333056
3039.891448
3118.874272
3121.019315
3032.339494
2997.811622
3108.086563
2998.122360
3156.297749
3081.984016
3137.675049
3031.230335
3128.582542
3107.005661
3107.800358
3096.632111
3072.030440
3081.990322
3140.573328
3149.919249
3160.079065
3197.194854
3184.336291
3115.833414
3165.937333
3190.800173
3171.815196
3140.010477
3190.463000
3124.494932
3080.254946
3175.835087
3257.379676
3369.332382
3265.454721
3369.584489
3274.213408
3294.686144
3232.080172
3337.933750