3756.308108
3628.436782
3685.052685
3581.497837
3604.072786
3619.912747
3613.583051
3580.002684
3592.504603
3597.455104
3608.416442
3731.225786
3836.965982
3417.024770
3286.126413
3337.104830
3254.048841
3407.694418
3374.704942
3340.682862
3390.580442
3478.027201
3442.223174
3540.638944
3440.230273
3552.124314
3470.826062
3416.411432
3312.433861
3456.972436
5045.334623
3835.351378
3653.200272
3702.860983
3802.165423
3533.283014
3640.487091
3655.978660
3539.911527
3533.118557
3599.764259
3556.994487
3549.270646
3655.330268
3590.445869
3618.474545
3494.669763
3632.259782
3643.585328
3599.797902
3592.355693
3398.179441
3397.555121
3362.943702
3361.564986
3348.642284
3356.486743
3329.089373
3434.481275
3331.456269
3320.204198
3429.057906
3400.906431
3340.394927
3362.179917
3326.868707
3319.201343
3354.678789
3310.751338
3389.636642
3557.367492
3490.313964
3518.443100
3529.692303
3593.351643
3532.793674
3431.139573
3461.633987
3626.526913
3769.770047
3596.999457
3548.859609
3558.330734
3576.408296
3725.666362
3701.217474
3680.130133
3836.705874
3583.376911
3535.571202
3665.797912
3679.809826
3614.585127
3649.660791
3629.577171
3815.283531
4172.407972
3912.930530
3810.986598