593.24375
543.8191675
579.74375
526.1737335
525.5972
543.4845835
507.945625
511.9170835
509.0465835
541.89725
594.4978769
590.7248937
587.336365
591.297877
585.718215
597.0326895
590.349674
600.0513116
616.9417262
591.1019506
592.913238
590.3833892
592.2281103
592.2281103
590.374238
589.769032
590.8399492
586.7304152
590.8145279
589.530274
599.492972
592.913238
591.053474
590.999098
602.0408372
591.4562265
586.7304152
588.6271804
584.7454232
586.2360076
592.5078685
588.8422851
588.4871557
589.3295941
593.927091
585.0043948
591.0791307
587.300819
632.913238
615.389881
619.9084796
601.9676075
604.5999986
632.0803549
649.7933454
641.9592209
604.199503
598.0891894
601.3105162
640.8707036
590.1583438
588.1898624
588.0541694
614.9592209
593.8911662
582.899826
590.3191523
580.3197984
604.4570207
584.5538813
586.4307974
591.532739
585.3942119
588.1701523
591.929115
588.0664822
590.604191
601.6457752
589.2417484
587.2587492
584.3971774
605.8228215
591.9117438
590.9174928
587.3563876
588.1854053
588.1552892
587.2587492
658.0803549
670.9831805
622.4916157
657.8784406
684.9785734
646.6985482
633.1524266
661.305224
643.5128082
635.0584667
643.9773117
656.704621