378.8329206
369.9926617
332.1574973
333.5951289
366.2402921
335.6482184
338.6346598
335.7575895
327.4362191
350.5563804
322.9360355
322.7241312
338.6231645
328.5132135
331.7536874
328.869959
347.1726459
335.6232002
335.7745701
339.907721
361.3583449
331.6839042
328.5132135
328.6679506
350.8094706
331.7273004
329.2352306
330.781853
330.5352123
333.1632959
332.001
331.772157
329.7078268
330.1933333
335.3346505
330.7003138
330.482299
330.0623623
332.6445373
331.6839042
329.012905
361.2148268
343.9999999
336.4023593
335.682913
350.2704146
331.7273004
328.5132135
342.070869
329.1469565
336.9312364
329.0810918
331.8723043
331.5255791
327.1123346
336.9312364
334.2932081
332.7618426
336.9930143
330.0290143
325.9132065
334.4098696
329.3725377
330.3053623
330.8774783
334.6456522
330.3216377
330.9931304
328.5362435
330.5132135
333.6747101
329.134051
329.2678261
329.3725377
330.8056232
328.1434692
329.2678261
329.3173623
331.4793478
329.0849022
332.4061957
332.9931739
329.5624348
330.0290143
330.6938261
331.3963913
331.772157
331.2164058
334.0000001
332.4966957
331.6198261
329.763174
329.3725377
332.0290143
332.2582174
329.1469565
334.7169131
338.9204332
332.3049565
337.7996942