1574.825321
1259.320725
1229.780704
1206.746713
1212.502641
1198.607059
1216.515103
1200.530017
1210.820948
1209.624399
1196.301805
1230.848723
1213.741411
1212.727748
1207.120652
1208.789039
1175.971523
1220.290156
1235.347689
1344.326244
1324.285313
1355.384272
1353.532928
1351.440476
1318.531768
1351.895451
1346.237476
1396.587207
1380.170714
1373.669039
1389.174786
1423.470602
1432.040534
1352.165861
1335.275813
1317.032418
1350.751733
1365.234582
1345.085637
1353.778876
1327.963942
1395.981804
1365.218504
1343.075943
1357.662649
1363.156446
1337.352701
1410.482726
1344.228672
1362.411655
1344.389801
1424.058712
1398.345949
1375.512196
1405.073918
1429.364989
1398.266453
1387.598195
1416.782545
1381.599785
1389.307929
1414.208837
1370.988233
1385.964259
1362.370733
1411.69434
1354.576693
1403.631619
1369.088253
1433.651822
1375.525212
1380.747889
1357.331853
1353.03967
1318.764501
1375.481566
1359.127361
1368.702005
1346.708792
1358.749993
1346.066255
1375.347629
1373.780223
1358.502275
1381.673745
1383.850918
1384.933477
1352.972775
1347.907509
1355.978204
1327.628324
1349.586205
1297.876573
1355.992561
1312.214863
1353.22725
1337.275508
1297.900648
1384.651235
1365.943624