1417.496
1061.459841
1054.973667
1108.922312
1050.293285
1058.7359
1040.657349
1041.964628
1053.547285
1034.590244
1033.982719
1044.743926
1075.433994
1084.737346
1047.196667
1035.689999
1036.612286
1035.237878
1029.870282
1034.999061
1044.405146
1074.998361
1074.082285
1095.864603
1042.372332
1013.93799
1035.058615
1085.542982
1022.358255
1074.082285
1042.464254
1027.898409
1027.167687
1032.92448
1041.900454
1041.639469
1025.147577
1037.402973
1033.667255
1096.578964
1037.13334
1130.708324
1071.324786
1082.746874
1086.395343
1077.168108
1061.823234
1070.80123
1062.276572
1071.402582
1045.944777
1040.076162
1033.315647
1043.568417
1037.195418
1006.725974
1032.35718
1104.537274
1050.999359
895.7082919
876.8603637
873.484603
882.8663463
875.2903039
882.5689383
879.2813013
898.2356755
893.7402406
865.5150085
860.0008027
862.9659515
903.5391086
933.3727032
919.645183
925.9470804
913.0032703
919.4830179
921.5083948
908.2579409
915.7183606
947.652273
927.1238617
940.4947826
868.8605323
898.2356755
934.668052
912.864486
935.3884802
905.6053429
917.8642257
942.9343501
947.7480689
891.1608122
878.3452259
893.6895516
900.905394
881.287585
903.9817586
925.8706845
914.1746332