2895.712072
2566.090223
2497.188624
2560.557181
2485.622172
2474.877405
1771.650274
1849.305390
1809.717763
1787.908350
1789.145615
1777.759727
1814.844960
1781.204820
1774.976048
1807.489152
1827.762288
1760.942090
1777.372784
1794.408457
1808.401358
1889.041219
1893.975851
1780.062328
1781.211073
1738.449733
1799.062893
1798.347126
1759.071358
1773.894544
1782.988171
1798.326437
1817.336509
1801.010809
1798.539826
1863.764186
2253.068615
2172.750212
2242.339244
2170.830765
2116.051324
2087.784489
2180.462762
2107.388732
2107.813001
2073.660010
2096.014462
2164.256235
2112.480212
2132.425624
2073.392989
2106.182716
2116.978606
2164.062245
2137.794777
2158.799220
2066.565942
2184.224808
2116.816625
2088.512855
2025.737722
2096.347559
2010.863209
2096.824604
2023.220659
2063.364920
2076.809083
2083.908166
2066.321152
2092.585605
2086.030689
2125.864723
2077.060243
2052.894777
2031.280029
2120.183990
2063.978880
2127.790544
2081.043935
2155.755707
2066.749233
2095.586413
2069.475167
2081.391973
2141.774477
2099.229781
2095.556532
2026.241924
2051.373034
2088.900996
2170.980053
2100.314537
2082.494137
2105.542057
2033.365179
2060.650889
2013.764752
2060.671430
1684.836679
1685.778282