1679.493619
1311.955101
1315.868928
1315.402193
1334.482484
1350.415192
1320.609286
1293.766421
1326.911037
1355.300711
1331.231086
1371.347019
1341.136802
1343.397341
1370.032686
1338.047848
1360.366496
1366.285625
1360.051461
1330.825765
1338.716768
1330.475119
1330.961631
1958.328767
1928.542675
2038.305545
1908.852512
1973.864543
2024.888461
1945.336634
1946.404212
1956.120134
1930.175186
1920.720198
1930.556711
1943.207081
1978.392715
1903.416238
1949.217311
1960.802496
1845.508096
1900.594418
1906.162856
1910.729392
1903.351478
1935.321903
1965.124424
1957.292486
2034.475611
1984.674389
1942.992395
2031.022372
1933.212515
1949.758713
2003.643814
1945.304428
1934.250757
2035.331697
1979.123816
1930.353097
1963.890020
1957.770640
1852.603937
1851.556855
1894.131093
1851.580437
1847.208408
1859.097205
1844.715885
1854.087822
1908.537587
1829.746537
1842.797419
1889.072840
1856.400320
1851.747484
1789.706869
1794.437500
1808.203286
1819.888263
1816.757559
1876.156042
1815.211627
1803.421429
1780.407721
1841.334196
1881.396774
1829.802802
1825.926649
1837.870867
1810.624107
1832.799007
1832.801235
1842.260714
1815.493365
1844.101786
1870.339776
1850.772786
1839.385438
1843.281095