2773.263736
2765.356061
2674.821212
2699.620707
2693.010606
2710.862121
2700.448485
2705.670707
2684.271212
2688.967677
2662.576768
2676.220707
2650.727273
2667.436364
2735.677778
2746.032323
2827.412121
2699.547980
2702.874621
2716.798317
2676.593939
2692.784848
2667.104040
2865.972636
2803.679293
2795.084848
2871.532862
2986.501299
2846.496995
2942.282684
2832.498377
2852.502987
2889.219013
3002.646853
2912.662681
2921.620202
3003.640993
2881.288312
2933.774461
2862.123377
3055.685754
2879.890909
2883.419819
2921.349026
2876.061039
2933.258249
2908.893094
2821.825758
2787.311688
2722.614527
2665.097403
2807.733766
2696.651515
2763.489069
2780.082251
2745.632706
2730.904040
2673.757576
2761.940909
2760.010823
2744.635204
2765.014692
2812.084127
2766.275758
2701.973466
2698.706720
2736.820346
2701.061039
2802.529870
2844.145098
2677.652882
2760.558854
2555.293384
2618.775758
2521.980769
2548.862587
2564.132208
2545.227273
2502.602273
2510.386364
2574.390152
2575.900538
2573.479433
2574.353640
2575.195054
2553.213468
2571.551309
2562.356855
2545.532258
2578.258065
2591.153226
2502.139785
2531.198925
2556.745995
2529.850538
2520.479433
2512.997423
2530.089347
2636.979042
2596.179066