2552.446045
2497.382414
2440.837982
2348.440499
2429.875840
2409.399024
2407.203433
2348.561174
2340.074654
2394.098375
2354.364359
2384.635898
2424.043910
2440.662281
2406.651458
2450.292015
2595.617507
2464.171216
2520.394228
2443.370999
2381.047834
2403.983659
2491.223690
2439.212794
2461.191190
2448.597998
2410.798650
2439.642619
2493.256634
2507.047263
2474.311210
2494.176121
2442.236487
2474.386543
2525.938191
2592.264116
2474.359872
2487.025434
2534.511913
2517.437074
2449.462377
2663.840251
2623.253452
2587.089977
2561.282244
2526.739123
2506.365493
2556.470198
2526.883303
2484.650862
2477.904394
2427.902603
2440.091278
2444.549553
2448.262362
2447.302943
2406.906699
2484.915031
2426.088216
2392.529547
2398.346407
2476.842690
2473.231169
2445.413564
2463.230231
2432.304858
2506.316813
2724.502164
2807.845729
2770.632694
2758.309614
2728.029821
2705.693673
2697.652206
2706.251133
2735.484265
2808.364903
2774.165408
2826.689068
2927.360000
2750.291037
2807.695708
2853.476655
2786.991740
2711.619286
2744.133015