857.015638
594.821158
605.937406
604.884713
603.806825
1372.012543
581.881607
589.588225
598.510902
601.829943
591.638505
611.932301
655.877779
708.320321
686.745869
708.943199
665.771124
672.717868
672.497238
669.790029
677.650593
700.134654
668.667303
678.917811
724.625044
683.688970
705.246466
675.393518
686.775993
727.912004
704.475970
1059.034431
680.360732
685.548697
681.014363
680.706444
674.495018
676.516682
669.000022
669.003167
673.622622
681.738601
676.014751
665.154067
671.903454
673.012439
698.523420
686.583671
678.203085
676.286913
714.823188
717.391795
697.143175
741.771992
745.343240
740.006982
769.840404
801.987202
745.694660
754.626526
770.179966
716.902445
720.860286
738.134912
742.250373
735.822679
723.498994
736.382099
740.404260
718.242821
738.112932
738.093658
765.961616
720.169130
714.036315
736.737810
730.773242
753.441603
768.008953
790.675600
731.355973
725.296004
769.451704
748.295748
705.155999
715.005384
723.660800
696.100028
715.701079
713.127642
714.654090
699.225503
717.601518
709.701129
707.446478
701.791477
703.268399
699.013314
705.644174
719.010972