1389.285652
1358.842840
1337.342400
1297.621482
1315.298621
1345.079176
1301.959067
1320.456878
1334.476932
1317.444366
1033.708811
1031.854579
1019.681297
1015.253752
1011.599064
1040.622153
1007.748935
1037.576371
1059.150978
1118.698097
1252.377326
981.489451
1014.265010
1057.830984
1008.782165
997.984868
1002.550421
1006.620880
1036.636453
998.696545
1025.034290
1018.086872
1028.078471
1035.623663
1050.447102
1025.489493
1042.019993
1081.713631
1239.878874
1195.872032
1235.930843
1227.362181
1185.091230
1277.492978
1269.727787
1261.615673
1237.085131
1223.086006
1205.906296
1242.926218
1241.465303
1230.611919
1191.814044
1174.262889
1195.796689
1181.661715
1191.796689
1192.739348
1173.576286
1172.980105
1212.038950
1179.443674
1181.101551
1229.623750
1203.526068
1229.564984
1235.696458
1223.481735
1245.910311
1225.400432
1194.512951
1226.303086
1238.920035
1235.244741
1239.515032
1210.400732
1242.302518
1224.862042
1220.208147
1228.009225
1237.543794
1227.781177
1238.525470
1223.041956
1222.026353
1219.607216
1223.526183
1218.850537
1189.587305
1238.351209
1214.551985
1113.974294
1118.246646
1103.654305
1118.901300
1108.522543
1113.167613
1101.612903
1138.364173
1102.582530