1645.876271
1553.774736
1543.292005
1622.218323
1628.355593
1682.359614
1808.278348
1739.050571
1724.529366
1760.938238
1564.890065
1728.204532
1741.824967
1569.261216
1774.017050
1773.107898
1770.994365
1728.149187
1725.196503
1596.545903
1740.899281
1711.441339
1710.489764
1762.800647
1774.221366
1619.533643
1768.758646
1780.282951
1554.439605
1500.459504
1588.537674
1552.297258
1488.876832
1589.878245
1538.421703
1525.732256
1539.196660
1544.028904
1533.702537
1529.876373
1499.068396
1650.990283
1530.982461
1561.421287
1677.760367
1468.439567
1508.000860
1475.750886
1506.413751
1478.735196
1631.117760
1602.650165
1655.542305
1582.438603
1570.488506
1606.148014
1621.978200
1587.469065
1606.689936
1631.250315
1636.956671
1625.679083
1643.353238
1618.487786
1620.745607
1647.933324
1600.541318
1663.988566
1628.323036
1601.058694
1657.414110
1552.075005
1453.074586
1463.900002
1469.754603
1467.789952
1453.297988
1455.796775
1515.913237
1465.556854
1477.448972
1485.571317
1496.793148
1489.652367
1501.682811
1465.539092
1494.704899
1500.195448
1469.727275
1435.111346
1445.949786
1583.802011
1568.254318
1549.354081
1584.696262
1476.570063
1529.474133
1496.570276
1557.453007
1549.453007