757.734038
753.228360
746.847399
726.913297
798.436437
793.973141
783.696003
797.343355
793.330200
797.646983
792.556070
796.666721
798.874828
791.024184
803.801915
780.128992
797.271515
796.114646
789.073935
804.249577
783.756042
816.449956
804.715273
772.338954
799.547086
836.147795
784.760739
773.307706
783.536419
766.548571
782.569935
784.918519
799.273997
792.812999
799.728695
792.974829
782.448206
806.532564
778.910508
781.378259
919.751269
890.160894
866.532643
908.189956
896.908390
959.180073
882.347520
887.538222
910.485927
884.429546
929.761161
879.232050
891.287425
917.990876
899.663673
914.951623
902.511846
907.956312
911.092238
878.578652
889.593907
912.933615
883.956564
897.667974
901.880576
907.765553
903.654084
892.278543
918.739663
891.403602
872.826731
876.593616
881.051406
897.248283
869.507918
889.551339
881.400105
888.537556
917.962268
903.444556
896.503781
909.925267
896.257845
901.834600
893.208239
910.144979
920.746751
903.461846
914.747101
915.805025
890.296671
894.351239
904.575719
915.605868
914.621094
908.799651
925.976863
883.648004
887.940694
896.702787