327.813000
292.918667
303.048000
290.377333
299.486667
292.848667
281.380833
279.098167
280.101750
278.262167
278.178500
278.600833
286.056250
278.615833
280.554833
277.244667
277.998000
276.456167
277.081000
275.911000
276.723333
276.670833
280.597500
277.216500
278.854833
273.351833
277.802500
278.333500
274.620500
277.782500
277.651667
274.578333
277.136667
275.048333
277.444667
277.921333
274.734667
277.392667
278.092667
275.445167
278.371167
278.527167
275.391000
272.634667
277.802500
279.334333
277.096167
277.667333
275.478500
273.358333
277.109167
276.891000
283.273333
277.094333
277.012167
277.640167
278.443500
275.952167
279.603333
257.963703
257.090000
267.759948
274.417838
272.761297
268.276216
256.405703
259.991216
273.670297
266.989089
253.799243
269.634865
273.568486
276.589189
254.518108
255.446216
254.931081
252.047027
254.624189
254.764865
252.898378
253.719595
256.984865
255.111216
255.064865
253.548378
255.306216
256.442378
253.003243
254.921216
253.441081
262.946216
255.623378
255.561081
254.718874
253.081081
253.068378
260.972973
258.800000
255.843243
256.397297