235.146484
189.870117
179.221680
203.019531
176.534180
178.655273
191.381836
180.358398
179.558594
178.289062
176.118164
178.366211
178.822266
174.942383
179.624023
176.997070
181.625977
177.781250
176.745117
176.987305
177.721680
179.991211
181.170898
176.816406
177.151367
179.649414
184.474609
178.357422
178.374023
179.863281
178.376953
176.118164
177.788086
178.444336
177.992188
178.623047
180.179688
176.173828
176.624023
177.221680
176.689453
176.413086
176.262695
176.168945
178.190430
177.827148
177.696289
180.341797
185.880859
176.997070
185.295898
176.416016
175.927734
175.572266
176.425781
175.158203
176.997070
177.113281
177.888672
177.318359
176.568359
179.828125
176.408203
176.472656
176.378906
176.360352
175.340820
176.841797
177.810547
174.942383
176.464844
177.271484
176.523438
176.896484
176.523438
176.472656
177.617188
176.472656
177.319336
176.214844
176.576172
174.710938
175.885742
176.462891
178.372070
180.710938
175.618164
174.484375
176.788086
175.482422
177.611328
176.712891
176.168945
176.462891
175.568359
175.482422
176.806641
177.462891
178.462891
178.414063