1899.540909
1799.787098
1785.060782
1762.252117
1833.296994
1863.971870
1826.677076
1858.289173
1825.150190
1852.544054
1846.978849
1891.503167
1940.526964
1910.710140
1809.845018
1871.938469
1813.954393
1851.245960
1835.911256
1813.874208
1885.201680
1905.573209
1887.319213
1940.308045
1937.168199
1963.607554
1927.337798
2437.786330
1886.020282
1931.312231
1959.595697
1919.889807
1878.746358
1889.558836
1924.247874
1919.073416
1854.268497
1840.059787
1852.191802
1880.956909
1819.196113
1586.920000
1610.886363
1619.774485
1614.065909
1605.717727
1582.289094
1599.446970
1590.523636
1580.270676
1600.408485
1599.075152
1575.247788
1622.633333
1584.155152
1586.343030
1619.358788
1614.365576
1609.938182
1606.554545
1596.442727
1520.619292
1566.294244
1586.621118
1563.205567
1567.498159
1523.014692
1586.136276
1542.351117
1603.870865
1527.667647
1585.144636
1570.544047
1571.984086
1568.722809
1517.942260
1547.479430
1562.345663
1559.049966
1563.290339
1526.647847
1933.212407
1938.973557
1936.331730
1938.325014
1916.328584
1938.233020
1941.134097
1908.000533
1944.234291
1930.520294
1917.246223
1911.756522
1924.873358
1937.913872
1927.239370
1877.904535
1912.847008
1936.423527
1923.357542