1588.383706
1249.876654
1236.853422
1190.848913
1233.246193
1240.186693
1209.189160
1206.421149
1218.754251
1230.452644
1214.964169
1203.805157
1214.935990
1228.512690
1219.566894
1221.663690
1228.977166
1188.083266
1297.714000
1206.664952
1234.469952
1261.664286
1231.547834
1205.607111
1203.075651
1193.023687
984.748717
988.698497
1025.992884
1020.287344
1023.601682
1018.597938
993.173526
1030.047283
1025.992884
1065.803170
1050.511029
1027.848618
1076.559605
1121.118988
1075.329810
1161.860737
1066.191687
1091.111413
1031.139233
1066.285518
1088.232178
1062.417712
1063.741460
1095.635280
1056.570203
1052.461496
1063.529202
1030.972096
1051.555178
1032.310210
1068.347437
1036.446797
1038.863326
1139.512804
1183.050131
1163.750957
1122.109480
1115.190970
1134.736043
1127.565496
1131.877238
1115.799259
1103.878264
1122.236186
1144.745046
1112.726107
1109.633565
1108.586520
1121.031079
1111.984104
1154.920722
1148.604847
1121.206805
1108.237189
1102.293587
1165.997656
1137.250934
1138.918656
1119.205829
1111.413399
1134.198629
1116.074948
1115.033635
1095.605052
1111.838634
1111.903342
1125.282173
1108.628444
1139.269651
1064.610335
1052.393342
1064.710963
1047.179705
1059.768718