441.667561
411.573796
384.623276
373.313793
385.871724
381.653103
370.953750
373.995775
377.652414
376.582759
375.716552
379.960000
397.979448
393.717586
377.948828
372.162069
380.967931
376.822759
377.122483
371.925000
375.346379
377.960345
374.819841
375.969302
382.244828
371.104258
378.214483
374.875000
375.646207
379.867241
387.772414
390.462897
375.935517
386.404690
416.945155
425.477518
441.195992
466.326529
455.498527
431.905853
488.048881
445.853675
429.173544
425.434621
415.086732
419.848881
441.275631
418.025742
413.042314
411.440656
408.482315
412.919561
429.070562
412.341736
437.680423
432.390133
409.346062
413.918855
409.694120
416.659227
423.193978
417.335543
412.535439
412.207000
428.486442
413.880743
442.867745
415.632123
430.388067
428.067996
417.243645
422.524066
442.763358
466.881737
466.117744
440.628754
439.372413
441.814423
433.355053
530.976398
433.496824
444.094650
439.230378
422.633263
423.933392
440.163301
436.448969
438.508538
454.351685
454.960712
438.656297
459.181876
445.358058
451.689754
427.538878
428.630531
429.023055
414.237406
462.576949
459.126305