1692.518968
1359.351814
1292.259559
1296.815190
1301.628889
1302.730125
1341.815993
1361.300380
1293.692880
1333.329579
1302.947543
1324.241408
1330.903006
1306.465854
1341.195058
1344.549662
1349.830943
1427.965706
1343.879877
1296.717463
1307.224012
1301.733005
1345.488132
1322.309988
1322.722792
1160.081987
1171.610485
1194.105644
1190.299981
1197.760282
1192.573120
1179.040886
1195.258463
1188.982105
1219.378790
1173.736329
1184.600248
1192.843669
1218.690094
1200.130032
1237.654876
1189.659015
1226.499449
1200.380717
1201.855759
1264.097477
1220.570060
1167.327532
1204.436641
1218.726446
1230.935953
1214.233416
1223.484306
1221.864568
1249.299154
1236.259457
1249.144314
1223.360776
1220.811571
1249.183787
1242.963316
1227.233734
1224.738721
1205.228584
1199.340474
1219.618951
1235.252007
1221.474478
1185.822387
1216.048748
1197.423371
1244.778667
1236.222204
1228.100412
1593.797624
1599.399905
1643.222041
1632.354227
1641.893680
1653.452628
1656.839830
1625.348098
1642.384304
1605.316872
1641.886268
1637.449160
1640.866723
1630.146889
1635.719227
1632.576774
1666.176762
1650.303524
1642.925478
1606.632158
1644.531963
1661.824000
1639.446476
1651.928876
1634.319636
1503.000464